7.687
0.998
0.596
0.672
0.598
0.685
0.700
0.699
0.765
0.774
0.833
0.781
0.719
0.792
0.743
0.741
0.839
0.595
0.605
0.731
0.670
0.692
0.660
0.708
0.649
0.691
0.681
0.688
0.662
0.680
0.613
0.717
0.630
0.614
0.601
0.576
0.764
0.605
0.641
0.633
0.662
0.642
0.593
0.576
0.584
0.598
0.639
0.568
0.569
0.576
0.593
0.569
0.555
0.558
0.654
0.565
0.534
0.578
0.603
0.595
0.570
0.599
0.553
0.575
0.542
0.573
0.598
0.562
0.613
0.642
0.571
0.487
0.651
0.654
0.669
0.672
0.726
0.649
0.637
0.698
0.637
0.685
0.638
0.605
0.629
0.528
0.570
0.629
0.638
0.615
0.573
0.617
0.610
0.661
0.676
0.674
0.589
0.597
0.666
0.621
0.566
0.632
0.559
0.593
0.628
0.626
0.598
0.609
0.541
0.606
0.644
0.625
0.630
0.530
0.651
0.548
0.633
0.592
0.515
0.580
0.594
0.613
0.638
0.566
0.568
0.611
0.532
0.559
0.550
0.603
0.606
0.547
0.547
0.568
0.594
0.603
0.582
0.574
0.609
0.558
0.575
0.587
0.618
0.770
0.799
0.981
0.796
0.758
0.869
0.756
0.677
0.775
0.696
0.742
0.715
0.783
0.648
0.757
0.697
0.638
0.607
0.554
0.592
0.561
0.568
0.618
0.579
0.598
0.582
0.565
0.613
0.573
0.598
0.619
0.562
0.583
0.606
0.593
0.591
0.622
0.615
0.603
0.594
0.633
0.601
0.565
0.651
0.597
0.547
0.585
0.592
0.583
0.548
0.536
0.593
0.613
0.532
0.556
0.546
0.595
0.584
0.631
0.581
0.547
0.539
0.538
0.538
0.580
0.548
0.575
0.558
0.578
0.573
0.550
0.568
0.531
0.642
0.646
0.550
0.582
0.617
0.568
0.633
0.596
0.563
0.544
0.565
0.570
0.562
0.597
0.594
0.548
0.610
0.580
0.644
0.578
0.540
0.593
0.574
0.502
0.550
0.532
0.543
0.566
0.550
0.531
0.592
0.580
0.628
0.572
0.620
0.626
0.539
0.626
0.542
0.587
0.616
0.615
0.616
0.560
0.593
0.519
0.542
0.558
0.596
0.528
0.583
0.572
0.632
0.583
0.642
0.568
0.566
0.567
0.563
0.624
0.557
0.613
0.623
0.598
0.584
0.562
0.583
0.546
0.540
0.632
0.573
0.565
0.577
0.548
0.592
0.525
0.606
0.626
0.618
0.569
0.541
0.539
0.629
0.591
0.579
0.608
0.526
0.604
0.557
0.662
0.581
0.581
0.588
0.590
0.560
0.635
0.514
0.561
0.590
0.585
0.541
0.578
0.567
0.616
0.537
0.591
0.587
0.538
0.574
0.592
0.605
0.566
0.555
0.574
0.542
0.550
0.539
0.589
0.586
0.543
0.600
0.556
0.546
0.616
0.573
0.606
0.592
0.581
0.563
0.507
0.572
0.555
0.512
0.513
0.568
0.570
0.621
0.586
0.554
0.576
0.557
0.605
0.611
0.604
0.517
0.581
0.546
0.598
0.646
0.575
0.626
0.496
0.586
0.576
0.545
0.649
0.595
0.555
0.581
0.579
0.547
0.550
0.647
0.598
0.558
0.565
0.600
0.577
0.531
0.528
0.565
0.558
0.547
0.620
0.660
0.638
0.563
0.553
0.623
0.632
0.582
0.651
0.606
0.533
0.536
0.595
0.633
0.605
0.725
0.574
0.593
0.627
0.593
0.627
0.543
0.574
0.656
0.551
0.591
0.555
0.627
0.586
0.581
0.594
0.641
0.587
0.565
0.581
0.589
0.596
0.626
0.595
0.581
0.661
0.620
0.623
0.581
0.634
0.584
0.554
0.567
0.534
0.603
0.529
0.599
0.644
0.586
0.657
0.640
0.648
0.589
0.658
0.626
0.625
0.652
0.625
0.622
0.601
0.579
0.609
0.577
0.599
0.595
0.662
0.665
0.622
0.640
0.669
0.587
0.579
0.581
0.633
0.633
0.665
0.639
0.550
0.628
0.621
0.649
0.533
0.638
0.644
0.602
0.538
0.623
0.579
0.575
0.631
0.650
0.575
0.593
0.583
0.621
0.626
0.590
0.569
0.585
0.587
0.649
0.560
0.577
0.542
0.562
0.560
0.519
0.579
0.581
0.597
0.606
0.541
0.658
0.650
0.625
0.588
0.590
0.529
0.622
0.553
0.559
0.585
0.557
0.582
0.552
0.574
0.561
0.582
0.643
0.587
0.604
0.563
0.589
0.568
0.580
0.606
0.619
0.632
0.643
0.552
0.590
0.579
0.608
0.582
0.577
0.566
0.575
0.580
0.603
0.542
0.656
0.494
0.651
0.527
0.611
0.574
0.574
0.621
0.597
0.561
0.598
0.584
0.553
0.598
0.567
0.561
0.601
0.593
0.609
0.583
0.576
0.563
0.548
0.571
0.574
0.579
0.537
0.563
0.632
0.594
0.539
0.602
0.563
0.577
0.548
0.561
0.580
0.595
0.576
0.533
0.578
0.522
0.635
0.594
0.540
0.598
0.548
0.550
0.586
0.603
0.539
0.574
0.565
0.636
0.620
0.578
0.665
0.536
0.564
0.509
0.602
0.552
0.615
0.586
0.547
0.650
0.668
0.601
0.587
0.544
0.587
0.555
0.506
0.589
0.599
0.563
0.561
0.573
0.574
0.534
0.665
0.598
0.554
0.604
0.577
0.587
0.581
0.569
0.585
0.517
0.606
0.553
0.562
0.623
0.546
0.592
0.580
0.606
0.559
0.643
0.535
0.637
0.567
0.570
0.535
0.565
0.569
0.591
0.614
0.581
0.581
0.502
0.607
0.631
0.561
0.573
0.609
0.508
0.584
0.606
0.601
0.583
0.608
0.596
0.560
0.591
0.563
0.536
0.535
0.551
0.494
0.569
0.580
0.549
0.568
0.591
0.584
0.606
0.568
0.563
0.577
0.563
0.519
0.555
0.535
0.577
0.562
0.541
0.602
0.615
0.549
0.585
0.606
0.596
0.562
0.578
0.574
0.563
0.580
0.553
0.554
0.640
0.551
0.535
0.619
0.563
0.496
0.585
0.587
0.572
0.553
0.632
0.566
0.575
0.572
0.599
0.643
0.563
0.591
0.610
0.561
0.547
0.609
0.522
0.557
0.554
0.513
0.655
0.610
0.535
0.580
0.612
0.589
0.631
0.592
0.535
0.600
0.590
0.595
0.588
0.577
0.577
0.560
0.544
0.556
0.613
0.542
0.633
0.592
0.534
0.585
0.635
0.540
0.578
0.631
0.577
0.579
0.586
0.632
0.585
0.552
0.525
0.526
0.600
0.574
0.595
0.591
0.594
0.537
0.525
0.592
0.591
0.562
0.547
0.595
0.552
0.581
0.566
0.576
0.587
0.576
0.547
0.553
0.603
0.556
0.618
0.615
0.617
0.585
0.554
0.600
0.591
0.549
0.567
0.579
0.551
0.706
0.654
0.671
0.675
0.689
0.592
0.665
0.735
0.631
0.685
0.648
0.653
0.647
0.656
0.552
0.610
0.629
0.659
